Lexemes table:
-------------------------------------------------------------------
index           lexeme          id      type    ifvalue row     col
-------------------------------------------------------------------
    0         #Program          17         2          0   2       1
    1             _0PG          68         4          0   2      10
    2                ;           2         2          0   2      14
    3         Variable          18         2          0   4       1
    4        Integer_2          36         2          0   4      10
    5             _0AA          69         4          0   4      20
    6                ,           7         2          0   4      24
    7             _0BB          70         4          0   4      26
    8                ,           7         2          0   4      30
    9             _0XX          71         4          0   4      32
   10                ,           7         2          0   4      36
   11             _0YY          72         4          0   4      38
   12                ;           2         2          0   4      42
   13            Start          19         2          0   6       1
   14             Read          21         2          0   8       1
   15                (          13         2          0   8       6
   16             _0AA           1         4          0   8       7
   17                )          14         2          0   8      11
   18                ;           2         2          0   8      12
   19             Read          21         2          0   9       1
   20                (          13         2          0   9       6
   21             _0BB           2         4          0   9       7
   22                )          14         2          0   9      11
   23                ;           2         2          0   9      12
   24            Write          22         2          0  10       1
   25                (          13         2          0  10       7
   26             _0AA           1         4          0  10       8
   27               ++           4         2          0  10      13
   28             _0BB           2         4          0  10      16
   29                )          14         2          0  10      20
   30                ;           2         2          0  10      21
   31            Write          22         2          0  11       1
   32                (          13         2          0  11       7
   33             _0AA           1         4          0  11       8
   34               ++           4         2          0  11      13
   35             _0BB           2         4          0  11      16
   36                )          14         2          0  11      20
   37                ;           2         2          0  11      21
   38            Write          22         2          0  12       1
   39                (          13         2          0  12       7
   40             _0AA           1         4          0  12       8
   41               ++           4         2          0  12      13
   42             _0BB           2         4          0  12      16
   43                )          14         2          0  12      20
   44                ;           2         2          0  12      21
   45            Write          22         2          0  13       1
   46                (          13         2          0  13       7
   47             _0AA           1         4          0  13       8
   48               ++           4         2          0  13      13
   49             _0BB           2         4          0  13      16
   50                )          14         2          0  13      20
   51                ;           2         2          0  13      21
   52            Write          22         2          0  14       1
   53                (          13         2          0  14       7
   54             _0AA           1         4          0  14       8
   55               ++           4         2          0  14      13
   56             _0BB           2         4          0  14      16
   57                )          14         2          0  14      20
   58                ;           2         2          0  14      21
   59                (          13         2          0  16       1
   60             _0AA           1         4          0  16       2
   61               --           5         2          0  16       7
   62             _0BB           2         4          0  16      10
   63                )          14         2          0  16      14
   64               **           6         2          0  16      16
   65               10         102         8         10  16      19
   66               ++           4         2          0  16      22
   67                (          13         2          0  16      25
   68             _0AA           1         4          0  16      26
   69               ++           4         2          0  16      31
   70             _0BB           2         4          0  16      34
   71                )          14         2          0  16      38
   72              Div          28         2          0  16      40
   73               10         102         8         10  16      44
   74               ->           3         2          0  16      47
   75             _0XX           3         4          0  16      50
   76                ;           2         2          0  16      54
   77             _0XX           3         4          0  16      50
   78               ++           4         2          0  17       6
   79             _0XX           3         4          0  17       9
   80              Mod          29         2          0  17      14
   81               10         102         8         10  17      18
   82               ->           3         2          0  17      21
   83             _0YY           4         4          0  17      24
   84                ;           2         2          0  17      28
   85            Write          22         2          0  19       1
   86                (          13         2          0  19       7
   87             _0XX           3         4          0  19       8
   88                )          14         2          0  19      12
   89                ;           2         2          0  19      13
   90            Write          22         2          0  20       1
   91                (          13         2          0  20       7
   92             _0YY           4         4          0  20       8
   93                )          14         2          0  20      12
   94                ;           2         2          0  20      13
   95             Stop          20         2          0  22       1
-------------------------------------------------------------------

